"model_name","layer_name","layer_index","kind","min_time","mean_time","max_time","add_flops","div_flops","cmp_flops","exp_flops","mad_flops","input_channel","input_height","input_width","output_channel","output_height","output_width","function","kernel_1","kernel_2","stride_1","stride_2","dilation_1","dilation_2","input_form","topology_hash","mad/min_time","mad/mean_time","mad/max_time","time"
"Squeeze-and-Excitation Net Trained on ImageNet Competition Data","conv1_3_3x3_bn",8,"BatchNormalization",0.000589,0.0005968666666666666,0.003686,1605632,1605632,0,0,0,128,112,112,128,112,112,"","","","","","","","HoldForm[BatchNormalizationLayer[""Epsilon"" -> 0.0001, ""Input"" -> {128, 112, 112}]]","1ehoczsbvnvio",0.,0.,0.,"{0.003686, 0.000947, 0.000748, 0.000626, 0.000603, 0.000602, 0.000603, 0.000624, 0.000614, 0.000602, 0.000605, 0.000602, 0.000598, 0.000601, 0.000614, 0.000599, 0.000632, 0.0006, 0.0006, 0.0006, 0.000612, 0.000597, 0.000601, 0.000593, 0.000595, 0.000593, 0.000592, 0.000608, 0.000592, 0.000592, 0.000593, 0.000592, 0.000604, 0.000611, 0.000609, 0.000593, 0.000591, 0.000592, 0.000591, 0.000592, 0.000607, 0.000592, 0.000592, 0.000592, 0.000592, 0.000591, 0.000593, 0.000608, 0.000591, 0.000603, 0.000608, 0.000591, 0.000593, 0.000592, 0.000607, 0.000592, 0.000632, 0.000592, 0.000591, 0.000591, 0.000608, 0.000593, 0.000592, 0.000591, 0.000592, 0.000593, 0.000603, 0.000624, 0.00059, 0.000593, 0.000589, 0.000593, 0.000592, 0.000591, 0.000607, 0.000594, 0.000591, 0.000593, 0.000593, 0.000599, 0.000605, 0.000592, 0.000592, 0.000602, 0.000607, 0.000594, 0.000591, 0.000608, 0.000596, 0.000597, 0.000594, 0.000598, 0.000594, 0.000599, 0.000608, 0.00059, 0.000592, 0.000592, 0.000592, 0.000605}"
