"model_name","layer_name","layer_index","kind","min_time","mean_time","max_time","add_flops","div_flops","cmp_flops","exp_flops","mad_flops","input_channel","input_height","input_width","output_channel","output_height","output_width","function","kernel_1","kernel_2","stride_1","stride_2","dilation_1","dilation_2","input_form","topology_hash","mad/min_time","mad/mean_time","mad/max_time","time"
"Single-Image Depth Perception Net Trained on Depth in the Wild Data","4/1/1/4/1/1/4/1/2/4/1/2/2/4/4",246,"Convolution",0.001539,0.0015729499999999998,0.005878,0,0,0,0,30105600,32,15,20,64,15,20,"",7,7,1,1,1,1,"HoldForm[ConvolutionLayer[64, {7, 7}, ""Stride"" -> {1, 1}, ""PaddingSize"" -> {{3, 3}, {3, 3}}, ""Dilation"" -> {1, 1}, ""Input"" -> {32, 15, 20}]]","1hhfz7tbmfckn",1.9561793372319687e10,1.91395784989987e10,5.1217420891459675e9,"{0.005878, 0.0016, 0.001562, 0.001594, 0.001584, 0.001584, 0.00167, 0.001572, 0.00164, 0.001559, 0.001566, 0.001557, 0.001622, 0.001588, 0.001569, 0.001616, 0.001563, 0.001557, 0.001577, 0.001671, 0.001592, 0.001571, 0.001565, 0.001575, 0.001568, 0.001706, 0.001539, 0.001554, 0.001565, 0.001553, 0.001564, 0.001633, 0.001574, 0.001565, 0.001573, 0.00157, 0.001559, 0.001558, 0.001658, 0.001577, 0.00158, 0.001553, 0.001569, 0.001605, 0.001676, 0.001585, 0.001584, 0.001567, 0.001559, 0.001568, 0.001668, 0.001571, 0.001559, 0.001582, 0.001554, 0.00155, 0.001608, 0.001628, 0.001567, 0.001562, 0.001555, 0.001572, 0.0016, 0.001687, 0.001565, 0.00156, 0.001573, 0.001556, 0.001565, 0.001686, 0.001586, 0.001574, 0.001554, 0.001575, 0.001559, 0.001617, 0.001601, 0.001556, 0.001592, 0.001559, 0.001568, 0.001595, 0.001669, 0.001574, 0.001552, 0.001557, 0.001562, 0.001568, 0.001711, 0.001561, 0.001564, 0.001563, 0.00156, 0.001581, 0.001624, 0.001562, 0.001562, 0.001564, 0.001559, 0.001549}"
