"model_name","layer_name","layer_index","kind","min_time","mean_time","max_time","add_flops","div_flops","cmp_flops","exp_flops","mad_flops","input_channel","input_height","input_width","output_channel","output_height","output_width","function","kernel_1","kernel_2","stride_1","stride_2","dilation_1","dilation_2","input_form","topology_hash","mad/min_time","mad/mean_time","mad/max_time","time"
"GPT-2 Transformer Trained on WebText Data","decoder/6/1/attention/7/query/Net",382,"Linear",0.000023,0.000023649999999999995,0.002636,0,0,0,0,49152,768,"","",64,"","","","","","","","","","HoldForm[LinearLayer[{64}, ""Input"" -> 768]]","1ar66gqblf480",2.1370434782608695e9,2.0783086680761104e9,1.8646433990895297e7,"{0.002636, 0.000049, 0.000028, 0.000025, 0.000025, 0.000024, 0.000024, 0.000023, 0.000024, 0.000023, 0.000024, 0.000024, 0.000023, 0.000023, 0.000023, 0.000024, 0.000024, 0.000024, 0.000023, 0.000024, 0.000024, 0.000024, 0.000024, 0.000024, 0.000024, 0.000024, 0.000024, 0.000024, 0.000024, 0.000024, 0.000024, 0.000024, 0.000023, 0.000024, 0.000024, 0.000023, 0.000024, 0.000023, 0.000023, 0.000023, 0.000023, 0.000023, 0.000024, 0.000024, 0.000024, 0.000023, 0.000023, 0.000023, 0.000023, 0.000024, 0.000023, 0.000024, 0.000024, 0.000024, 0.000024, 0.000024, 0.000024, 0.000023, 0.000023, 0.000024, 0.000023, 0.000023, 0.000023, 0.000024, 0.000023, 0.000023, 0.000023, 0.000025, 0.000024, 0.000055, 0.000023, 0.000024, 0.000024, 0.000023, 0.000024, 0.000023, 0.000023, 0.000023, 0.000023, 0.000023, 0.000024, 0.000024, 0.000024, 0.000024, 0.000023, 0.000024, 0.000023, 0.000023, 0.000024, 0.000024, 0.000045, 0.000027, 0.000024, 0.000024, 0.000024, 0.000023, 0.000023, 0.000023, 0.000023, 0.000023}"
