"model_name","layer_name","layer_index","kind","min_time","mean_time","max_time","add_flops","div_flops","cmp_flops","exp_flops","mad_flops","input_channel","input_height","input_width","output_channel","output_height","output_width","function","kernel_1","kernel_2","stride_1","stride_2","dilation_1","dilation_2","input_form","topology_hash","mad/min_time","mad/mean_time","mad/max_time","time"
"Squeeze-and-Excitation Net Trained on ImageNet Competition Data","3a/conv3_1_global_pool",75,"Aggregation",0.007577,0.0076087166666666635,0.00781,401408,401408,0,0,0,512,28,28,512,"","","Mean","","","","","","","HoldForm[AggregationLayer[Mean, ""Input"" -> {512, 28, 28}]]","1u4bqc7tzvlzx",0.,0.,0.,"{0.00781, 0.007608, 0.007634, 0.007611, 0.00761, 0.007623, 0.007615, 0.007599, 0.007585, 0.007619, 0.007629, 0.007625, 0.007617, 0.007614, 0.007605, 0.007599, 0.007623, 0.007604, 0.007593, 0.007606, 0.007611, 0.007597, 0.007595, 0.007594, 0.007588, 0.007631, 0.007614, 0.007593, 0.007577, 0.007608, 0.007595, 0.007598, 0.007604, 0.007605, 0.007617, 0.007609, 0.007603, 0.007602, 0.007605, 0.007629, 0.007601, 0.007603, 0.007597, 0.007614, 0.007597, 0.00761, 0.007615, 0.007619, 0.007585, 0.007594, 0.007608, 0.007635, 0.007626, 0.007604, 0.007612, 0.007604, 0.007619, 0.007599, 0.00761, 0.007587, 0.007602, 0.007615, 0.007603, 0.007604, 0.007599, 0.007625, 0.007619, 0.007602, 0.007602, 0.007579, 0.007611, 0.007607, 0.007622, 0.007613, 0.007628, 0.0076, 0.007615, 0.007613, 0.007611, 0.00761, 0.007606, 0.007622, 0.007613, 0.007611, 0.007614, 0.007626, 0.007611, 0.007598, 0.007622, 0.007612, 0.007591, 0.007601, 0.007644, 0.007615, 0.007609, 0.007593, 0.007621, 0.007614, 0.007615, 0.00761}"
