"model_name","layer_name","layer_index","kind","min_time","mean_time","max_time","add_flops","div_flops","cmp_flops","exp_flops","mad_flops","input_channel","input_height","input_width","output_channel","output_height","output_width","function","kernel_1","kernel_2","stride_1","stride_2","dilation_1","dilation_2","input_form","topology_hash","mad/min_time","mad/mean_time","mad/max_time","time"
"Wolfram ImageIdentify Net V1","3a/convproj",31,"Convolution",0.000232,0.00024028333333333328,0.003547,0,0,0,0,4478976,192,27,27,32,27,27,"",1,1,1,1,1,1,"HoldForm[ConvolutionLayer[32, {1, 1}, ""Stride"" -> {1, 1}, ""PaddingSize"" -> {{0, 0}, {0, 0}}, ""Dilation"" -> {1, 1}, ""Input"" -> {192, 27, 27}]]","02lpho7wvwuyr",1.9305931034482758e10,1.864039397932996e10,1.262750493374683e9,"{0.003547, 0.00027, 0.000244, 0.000243, 0.000233, 0.000266, 0.000246, 0.000237, 0.000241, 0.000238, 0.000235, 0.000245, 0.00025, 0.000239, 0.000254, 0.000273, 0.000241, 0.000234, 0.000243, 0.00024, 0.000235, 0.000234, 0.000234, 0.000244, 0.000242, 0.000236, 0.000232, 0.000235, 0.000235, 0.000244, 0.000235, 0.000271, 0.000248, 0.000249, 0.000238, 0.000258, 0.000244, 0.000234, 0.000239, 0.000249, 0.00025, 0.000235, 0.000233, 0.000237, 0.000241, 0.000237, 0.000243, 0.000244, 0.000243, 0.000252, 0.000245, 0.000245, 0.000245, 0.000241, 0.000234, 0.000239, 0.000236, 0.000236, 0.000247, 0.000237, 0.000241, 0.000237, 0.000233, 0.000234, 0.000266, 0.00025, 0.000241, 0.000242, 0.000237, 0.000237, 0.000235, 0.000234, 0.000237, 0.000233, 0.000247, 0.00024, 0.000234, 0.000233, 0.000237, 0.000254, 0.000296, 0.000244, 0.000237, 0.000236, 0.000242, 0.000249, 0.000236, 0.000237, 0.000241, 0.000235, 0.000239, 0.000236, 0.00024, 0.00026, 0.000247, 0.000236, 0.000238, 0.000279, 0.000246, 0.000236}"
