"model_name","layer_name","layer_index","kind","min_time","mean_time","max_time","add_flops","div_flops","cmp_flops","exp_flops","mad_flops","input_channel","input_height","input_width","output_channel","output_height","output_width","function","kernel_1","kernel_2","stride_1","stride_2","dilation_1","dilation_2","input_form","topology_hash","mad/min_time","mad/mean_time","mad/max_time","time"
"ResNet-101 Trained on YFCC100m Geotagged Data","stage3_unit13/relu3",206,"Elementwise",0.000068,0.00006911666666666669,0.000351,0,0,50176,0,50176,256,14,14,256,14,14,"Ramp","","","","","","","HoldForm[ElementwiseLayer[Ramp, ""Input"" -> {256, 14, 14}]]","1j88u7fzs0nsq",7.378823529411765e8,7.259609356161078e8,1.4295156695156693e8,"{0.000351, 0.00008, 0.000072, 0.00007, 0.000069, 0.00007, 0.000069, 0.000069, 0.000069, 0.000069, 0.000069, 0.000069, 0.000068, 0.000069, 0.000069, 0.000069, 0.000069, 0.00007, 0.000069, 0.000069, 0.000069, 0.000068, 0.000069, 0.000068, 0.000069, 0.000068, 0.000069, 0.000068, 0.000069, 0.000068, 0.000069, 0.000069, 0.000069, 0.000068, 0.000069, 0.000069, 0.000068, 0.000068, 0.000069, 0.000069, 0.000069, 0.000069, 0.000068, 0.000069, 0.000069, 0.000069, 0.000069, 0.000069, 0.000069, 0.00009, 0.000079, 0.000071, 0.00007, 0.000069, 0.000069, 0.00007, 0.000069, 0.00007, 0.000069, 0.000069, 0.000069, 0.000068, 0.000069, 0.000069, 0.00007, 0.000069, 0.000068, 0.00007, 0.000068, 0.000069, 0.000069, 0.000069, 0.000068, 0.000124, 0.000078, 0.00007, 0.00007, 0.000069, 0.00007, 0.00007, 0.00007, 0.000069, 0.00007, 0.000069, 0.00007, 0.000069, 0.000069, 0.000069, 0.000069, 0.000069, 0.000069, 0.000069, 0.000068, 0.000069, 0.00007, 0.000072, 0.000069, 0.000069, 0.000083, 0.000073}"
