"model_name","layer_name","layer_index","kind","min_time","mean_time","max_time","add_flops","div_flops","cmp_flops","exp_flops","mad_flops","input_channel","input_height","input_width","output_channel","output_height","output_width","function","kernel_1","kernel_2","stride_1","stride_2","dilation_1","dilation_2","input_form","topology_hash","mad/min_time","mad/mean_time","mad/max_time","time"
"Inception V3 Trained on ImageNet Competition Data","Inception2/mixed_1_tower_2_conv_conv2d",60,"Convolution",0.000371,0.0003805666666666669,0.003675,0,0,0,0,20070400,256,35,35,64,35,35,"",1,1,1,1,1,1,"HoldForm[ConvolutionLayer[64, {1, 1}, ""Stride"" -> {1, 1}, ""PaddingSize"" -> {{0, 0}, {0, 0}}, ""Dilation"" -> {1, 1}, ""Input"" -> {256, 35, 35}]]","1n103vnp7u9xm",5.4098113207547165e10,5.273819742489268e10,5.461333333333334e9,"{0.003675, 0.000439, 0.000393, 0.000417, 0.000424, 0.000403, 0.000388, 0.000388, 0.000386, 0.000387, 0.000385, 0.000386, 0.000386, 0.000385, 0.000412, 0.00039, 0.000377, 0.000375, 0.000375, 0.000375, 0.000375, 0.000373, 0.000371, 0.000374, 0.000396, 0.000379, 0.000375, 0.000374, 0.000375, 0.000376, 0.000375, 0.000375, 0.000374, 0.000372, 0.000372, 0.000392, 0.000377, 0.000374, 0.000374, 0.000374, 0.000373, 0.000372, 0.000374, 0.000373, 0.000374, 0.000404, 0.000382, 0.000375, 0.000375, 0.000374, 0.000374, 0.000376, 0.000375, 0.000373, 0.000376, 0.000374, 0.000399, 0.000381, 0.000383, 0.000383, 0.000382, 0.000382, 0.000382, 0.000382, 0.000383, 0.000382, 0.0004, 0.000383, 0.000382, 0.000383, 0.000383, 0.000383, 0.000384, 0.000383, 0.000384, 0.000382, 0.000382, 0.000401, 0.000382, 0.000383, 0.00038, 0.000384, 0.000382, 0.000382, 0.000382, 0.000381, 0.000382, 0.000402, 0.000381, 0.000381, 0.000379, 0.000379, 0.000382, 0.000381, 0.000382, 0.000382, 0.000382, 0.000401, 0.000382, 0.000381}"
