"model_name","layer_name","layer_index","kind","min_time","mean_time","max_time","add_flops","div_flops","cmp_flops","exp_flops","mad_flops","input_channel","input_height","input_width","output_channel","output_height","output_width","function","kernel_1","kernel_2","stride_1","stride_2","dilation_1","dilation_2","input_form","topology_hash","mad/min_time","mad/mean_time","mad/max_time","time"
"3D Face Alignment Net Trained on 300W Large Pose Data","13/1/2/3/1/2/3/1/2/3/1/2/3/1/1/4/3",649,"Catenate",0.000024,0.000024966666666666656,0.000149,0,0,0,0,0,128,4,4,256,4,4,"","","","","","","","HoldForm[CatenateLayer[""Inputs"" -> {{128, 4, 4}, {128, 4, 4}}]]","0j1fcxnc1pxm4",0.,0.,0.,"{0.000149, 0.00003, 0.000026, 0.000025, 0.000025, 0.000025, 0.000025, 0.000025, 0.000025, 0.000024, 0.000025, 0.000025, 0.000024, 0.000024, 0.000025, 0.000025, 0.000025, 0.000024, 0.000037, 0.000025, 0.000024, 0.000024, 0.000025, 0.000025, 0.000025, 0.000024, 0.000025, 0.000025, 0.000039, 0.000025, 0.000025, 0.000024, 0.000025, 0.000025, 0.000024, 0.000025, 0.000026, 0.000025, 0.000024, 0.000025, 0.000025, 0.000024, 0.000025, 0.000025, 0.000025, 0.000025, 0.000025, 0.000025, 0.000025, 0.000025}"
