"model_name","layer_name","layer_index","kind","min_time","mean_time","max_time","add_flops","div_flops","cmp_flops","exp_flops","mad_flops","input_channel","input_height","input_width","output_channel","output_height","output_width","function","kernel_1","kernel_2","stride_1","stride_2","dilation_1","dilation_2","input_form","topology_hash","mad/min_time","mad/mean_time","mad/max_time","time"
"Wolfram ImageIdentify Net V1","3b/convdouble_3x3_1",50,"Convolution",0.001345,0.001365066666666667,0.002658,0,0,0,0,60466176,96,27,27,96,27,27,"",3,3,1,1,1,1,"HoldForm[ConvolutionLayer[96, {3, 3}, ""Stride"" -> {1, 1}, ""PaddingSize"" -> {{1, 1}, {1, 1}}, ""Dilation"" -> {1, 1}, ""Input"" -> {96, 27, 27}]]","01jyp2kvn1ox5",4.495626468401487e10,4.429540144559483e10,2.2748749435665913e10,"{0.002658, 0.001374, 0.001361, 0.00139, 0.001352, 0.001361, 0.001377, 0.001374, 0.001385, 0.001393, 0.001356, 0.001347, 0.001374, 0.001349, 0.001346, 0.001413, 0.001374, 0.001361, 0.001375, 0.001349, 0.001346, 0.001372, 0.00139, 0.001351, 0.001378, 0.00135, 0.001372, 0.001348, 0.001345, 0.001379, 0.001384, 0.001374, 0.001389, 0.001352, 0.001348, 0.001375, 0.001349, 0.001393, 0.001384, 0.001362, 0.001351, 0.001376, 0.001349, 0.001347, 0.001425, 0.001353, 0.00136, 0.001377, 0.001348, 0.001347}"
