"model_name","layer_name","layer_index","kind","min_time","mean_time","max_time","add_flops","div_flops","cmp_flops","exp_flops","mad_flops","input_channel","input_height","input_width","output_channel","output_height","output_width","function","kernel_1","kernel_2","stride_1","stride_2","dilation_1","dilation_2","input_form","topology_hash","mad/min_time","mad/mean_time","mad/max_time","time"
"Gender Prediction VGG-16 Trained on IMDB-WIKI Data","conv5_2",27,"Convolution",0.012382,0.012573966666666664,0.019125,0,0,0,0,462422016,512,14,14,512,14,14,"",3,3,1,1,1,1,"HoldForm[ConvolutionLayer[512, {3, 3}, ""Stride"" -> {1, 1}, ""PaddingSize"" -> {{1, 1}, {1, 1}}, ""Dilation"" -> {1, 1}, ""Input"" -> {512, 14, 14}]]","16wosds9ax35d",3.7346310450654175e10,3.677614457384173e10,2.417892894117647e10,"{0.019125, 0.013122, 0.012942, 0.012809, 0.012781, 0.012818, 0.012825, 0.012963, 0.013012, 0.012965, 0.01264, 0.012573, 0.012658, 0.01259, 0.012554, 0.012539, 0.012663, 0.01264, 0.012647, 0.012585, 0.012592, 0.01262, 0.012594, 0.012548, 0.01259, 0.012621, 0.012542, 0.012559, 0.012584, 0.012614, 0.01261, 0.0125, 0.012565, 0.012645, 0.012496, 0.012511, 0.012614, 0.012558, 0.012606, 0.012516, 0.012566, 0.012633, 0.012499, 0.012657, 0.012888, 0.012726, 0.012674, 0.012678, 0.01284, 0.012716, 0.012536, 0.012533, 0.012562, 0.012628, 0.012706, 0.012612, 0.012655, 0.012573, 0.0125, 0.012501, 0.012697, 0.012642, 0.012525, 0.01261, 0.01255, 0.012533, 0.01252, 0.012486, 0.01261, 0.012609, 0.012587, 0.012585, 0.012551, 0.012641, 0.012535, 0.012519, 0.012484, 0.012482, 0.012402, 0.012486, 0.012481, 0.012531, 0.012496, 0.012477, 0.012577, 0.012436, 0.012382, 0.01242, 0.012449, 0.012517, 0.012437, 0.012418, 0.012469, 0.012478, 0.012457, 0.012443, 0.01243, 0.012453, 0.012592, 0.012403}"
